{"timeMatrix":[[0,2,24,5,27,36,19,34,7,33,8,25,26,4,26,32,29,20,17,7,7,10,5,18,16,7,8,10,10,21,18,0],[2,0,23,4,25,34,18,32,6,31,7,23,24,4,24,30,28,18,15,5,7,8,3,16,14,6,7,10,8,19,16,2],[24,23,0,25,24,23,5,23,26,22,29,24,22,27,23,23,10,29,24,19,19,26,21,27,25,26,29,30,27,30,24,24],[5,4,25,0,24,34,20,31,2,30,4,22,23,2,22,29,29,15,13,6,11,5,5,13,11,2,4,6,4,16,13,5],[27,25,24,24,0,12,21,8,23,8,25,3,2,26,2,7,18,13,12,21,28,21,23,13,14,23,25,24,21,14,11,27],[36,34,23,34,12,0,24,4,33,4,36,15,13,36,13,5,13,25,23,29,35,31,31,25,25,33,35,35,32,26,22,36],[19,18,5,20,21,24,0,23,21,22,24,21,20,21,20,22,12,24,20,14,14,21,15,23,21,21,23,25,22,26,20,19],[34,32,23,31,8,4,23,0,30,1,33,11,9,33,9,2,15,21,19,27,33,28,29,22,22,30,32,32,29,22,19,34],[7,6,26,2,23,33,21,30,0,30,3,20,22,4,21,28,29,13,12,7,13,3,7,12,10,0,3,4,2,14,12,7],[33,31,22,30,8,4,22,1,30,0,32,11,9,32,9,2,14,22,19,26,32,28,28,22,22,30,32,32,28,22,19,33],[8,7,29,4,25,36,24,33,3,32,0,23,24,4,24,31,32,14,14,10,15,4,9,13,12,3,0,2,4,15,14,8],[25,23,24,22,3,15,21,11,20,11,23,0,2,24,2,9,19,10,9,19,27,18,21,11,11,20,22,22,19,11,9,25],[26,24,22,23,2,13,20,9,22,9,24,2,0,24,0,7,17,12,10,19,27,19,21,13,13,21,24,23,20,13,10,26],[4,4,27,2,26,36,21,33,4,32,4,24,24,0,24,31,31,17,15,7,11,6,6,15,13,3,4,6,6,17,15,4],[26,24,23,22,2,13,20,9,21,9,24,2,0,24,0,8,17,12,10,19,27,19,21,12,12,21,23,23,20,13,10,26],[32,30,23,29,7,5,22,2,28,2,31,9,7,31,8,0,14,20,18,25,32,26,27,20,20,28,31,30,27,21,17,32],[29,28,10,29,18,13,12,15,29,14,32,19,17,31,17,14,0,27,23,23,26,28,25,26,25,29,32,33,29,28,23,29],[20,18,29,15,13,25,24,21,13,22,14,10,12,17,12,20,27,0,5,15,24,10,16,2,4,13,14,13,11,1,5,20],[17,15,24,13,12,23,20,19,12,19,14,9,10,15,10,18,23,5,0,12,20,9,13,3,2,12,13,13,10,6,0,17],[7,5,19,6,21,29,14,27,7,26,10,19,19,7,19,25,23,15,12,0,8,8,2,14,11,7,9,11,8,17,12,7],[7,7,19,11,28,35,14,33,13,32,15,27,27,11,27,32,26,24,20,8,0,15,7,22,20,13,15,17,15,25,20,7],[10,8,26,5,21,31,21,28,3,28,4,18,19,6,19,26,28,10,9,8,15,0,8,9,7,3,4,4,1,11,10,10],[5,3,21,5,23,31,15,29,7,28,9,21,21,6,21,27,25,16,13,2,7,8,0,15,12,6,9,11,8,18,13,5],[18,16,27,13,13,25,23,22,12,22,13,11,13,15,12,20,26,2,3,14,22,9,15,0,2,12,13,12,9,3,4,18],[16,14,25,11,14,25,21,22,10,22,12,11,13,13,12,20,25,4,2,11,20,7,12,2,0,10,11,11,8,5,3,16],[7,6,26,2,23,33,21,30,0,30,3,20,21,3,21,28,29,13,12,7,13,3,6,12,10,0,3,4,3,14,12,7],[8,7,29,4,25,35,23,32,3,32,0,22,24,4,23,31,32,14,13,9,15,4,9,13,11,3,0,2,4,15,14,8],[10,10,30,6,24,35,25,32,4,32,2,22,23,6,23,30,33,13,13,11,17,4,11,12,11,4,2,0,4,13,13,10],[10,8,27,4,21,32,22,29,2,28,4,19,20,6,20,27,29,11,10,8,15,1,8,9,8,3,4,4,0,11,10,10],[21,19,30,16,14,26,26,22,14,22,15,11,13,17,13,21,28,1,6,17,25,11,18,3,5,14,15,13,11,0,6,21],[18,16,24,13,11,22,20,19,12,19,14,9,10,15,10,17,23,5,0,12,20,10,13,4,3,12,14,13,10,6,0,18],[0,2,24,5,27,36,19,34,7,33,8,25,26,4,26,32,29,20,17,7,7,10,5,18,16,7,8,10,10,21,18,0]],"distanceMatrix":[[0,1.3943952788791512,16.135889621099963,3.492273434827117,18.27505910753507,24.035065787349954,12.535601088887594,22.48887767800496,4.893444545723096,22.066708606488415,5.430655698712588,16.939974548579066,17.29585950376875,2.895554516619306,17.222087889763163,21.383792619912885,19.6578426505573,13.197681898165346,11.453609322114325,4.519204766688364,4.587305623367757,6.511753100124616,3.324650590923508,12.117740398714604,10.697630929566833,4.70839082964583,5.366136212297465,6.988537527011298,6.477591612909047,13.839901091796065,11.717231864372659,0],[1.3943952788791512,0,15.398864784378128,2.6238899431675784,16.881735637011026,22.709565610421475,11.755455461854881,21.127716672717092,3.991738932646997,20.717293180102963,4.952700205427186,15.546473135448037,15.903439035470626,2.578195575394847,15.829147243714441,20.018827360364277,18.582090687396438,11.945671744466388,10.096154136033949,3.2162101871310704,4.836910905559733,5.4481811088286385,2.038464543005153,10.850804686098522,9.39160420457397,3.776143973373194,4.861677376492717,6.407996148309507,5.480857991142947,12.620676123907183,10.356897613968323,1.3943952788791512],[16.135889621099963,15.398864784378128,0,16.966828763115238,15.687016752777119,15.172248334152227,3.6607727043619067,15.572131824450594,17.58780934151285,14.72169805721646,19.3487351948278,16.03304383166775,14.964064057714355,17.715194911087558,15.034470634325038,15.031246234927183,6.530665395829188,19.127041390814167,15.976320366104266,12.910718555553604,12.70569592817537,17.621222586545347,13.689549411835445,18.280769175702805,16.916313325200594,17.37629022780063,19.221378836097458,20.20465300858249,17.98873025688416,20.04542673940549,15.977845090232496,16.135889621099963],[3.492273434827117,2.6238899431675784,16.966828763115238,0,15.948544220637372,22.45971145755004,13.310817672336773,20.629755000059816,1.4043443429163855,20.319599867649654,2.506448465901641,14.434709423308957,15.01910795708352,1.305245236042894,14.92586237299548,19.49596183106009,19.36204813939194,9.91289023625767,8.585933943021406,4.061714670707354,7.440656979434313,3.056459750131749,3.3780312257163447,8.877214738095025,7.595918777811581,1.2165772574568599,2.393966353889581,3.8308500501656693,2.9897856390112505,10.490303202260339,8.863450653196017,3.492273434827117],[18.27505910753507,16.881735637011026,15.687016752777119,15.948544220637372,0,8.045985197576893,14.269944192895716,5.495962410600827,15.236004292766427,5.64947435237446,16.723040204719307,1.8395979003386635,1.007596597437761,17.25378826097438,1.0585427499195266,4.451883096463414,11.809051969404173,8.832513500233794,7.743616448345443,13.966635615812264,18.8163350291159,13.769810469716985,15.094668151362814,8.990544413912742,9.173998012007857,15.210965788465055,16.620336710184457,16.242902830231884,14.14503554809291,9.292917765630726,7.4742128599479765,18.27505910753507],[24.035065787349954,22.709565610421475,15.172248334152227,22.45971145755004,8.045985197576893,0,15.67398578402149,2.6877229484087968,22.058099965858347,2.403874208680055,23.743851960386312,9.857699380302366,8.509238958467122,23.72657005429745,8.650377773483555,3.60016699138161,8.933497889277604,16.814909880616693,15.226696793031318,19.51587956486732,23.214817786483234,20.852062107379737,20.71042211940349,16.846721902178455,16.73092839039139,21.978516457115198,23.62722274940436,23.55040607541139,21.26149194913821,17.323391837781564,14.988528126726784,24.035065787349954],[12.535601088887594,11.755455461854881,3.6607727043619067,13.310817672336773,14.269944192895716,15.67398578402149,0,15.43871964824554,13.959202608251116,14.667821020606283,15.705518512689855,14.215454101170833,13.405882668284285,14.055055329683958,13.445001347415328,14.673538140436959,8.229739254156495,16.210907848438353,13.042705527400154,9.259006525222127,9.392453577394502,14.069437208953444,10.028961842869748,15.277817885499399,13.809949548292428,13.744493920126391,15.5787971892308,16.597948016166594,14.424963746971523,17.13915794623169,13.087181913599657,12.535601088887594],[22.48887767800496,21.127716672717092,15.572131824450594,20.629755000059816,5.495962410600827,2.6877229484087968,15.43871964824554,0,20.10912960295005,0.8801148277316927,21.72692951848604,7.332616859224143,6.084091294380227,21.91959909199503,6.218066409887133,1.1406549092789229,9.89426585803548,14.324881991985723,12.973107604691645,17.99385020598629,22.13251687287162,18.795486142929548,19.181309729198567,14.436387495201817,14.458835101829843,20.049662842662887,21.615282999671944,21.41521482347843,19.193894198658423,14.785687400733575,12.720751531804892,22.48887767800496],[4.893444545723096,3.991738932646997,17.58780934151285,1.4043443429163855,15.236004292766427,22.058099965858347,13.959202608251116,20.10912960295005,0,19.853140482476483,1.8450943350249855,13.643306335169694,14.340952730889947,2.3779386575507515,14.238704139885542,18.969573766236195,19.530691984763134,8.692663383810775,7.668185500559251,4.759487254311464,8.759159313041943,1.7591682498114827,4.365131471666411,7.697778516582056,6.537237604273698,0.23767231998336447,1.7147182332273891,2.7116448019962096,1.6165144938519356,9.219542055107006,7.948837695390671,4.893444545723096],[22.066708606488415,20.717293180102963,14.72169805721646,20.319599867649654,5.64947435237446,2.403874208680055,14.667821020606283,0.8801148277316927,19.853140482476483,0,21.50575285167434,7.455231901025417,6.108406474109632,21.600682243950832,6.24898822000864,1.2382833378296623,9.014179358929598,14.411942825409797,12.877939893334695,17.55701344303152,21.56037555590283,18.592189602717944,18.74886158419686,14.454812711056913,14.377397573800788,19.7840322910397,21.391512823577774,21.256520107507267,18.996771342941305,14.920084317234508,12.634578506087493,22.066708606488415],[5.430655698712588,4.952700205427186,19.3487351948278,2.506448465901641,16.723040204719307,23.743851960386312,15.705518512689855,21.72692951848604,1.8450943350249855,21.50575285167434,0,15.065852383498342,15.861959110176437,2.53510140702482,15.752764513241207,20.586276196984443,21.37546275216058,9.533620696015698,9.027751615531841,6.453935031705599,9.776414867246675,2.953299533437742,5.874229501159325,8.655087277017179,7.742299144835602,2.0196119224358524,0.13066334423072556,1.5864483286731033,2.585552540977722,9.91508809547877,9.306263630036641,5.430655698712588],[16.939974548579066,15.546473135448037,16.03304383166775,14.434709423308957,1.8395979003386635,9.857699380302366,14.215454101170833,7.332616859224143,13.643306335169694,7.455231901025417,15.065852383498342,0,1.50246176142567,15.737081569748938,1.3624406697747702,6.275193772149054,12.823506496571154,6.993349054706171,6.042602780387169,12.766186789215883,17.840512470680977,12.118407510985902,13.849867288931812,7.163948215383256,7.42707763691834,13.633626388758675,14.967379369325752,14.516693680578134,12.480922393508802,7.4667564910965325,5.766496562240052,16.939974548579066],[17.29585950376875,15.903439035470626,14.964064057714355,15.01910795708352,1.007596597437761,8.509238958467122,13.405882668284285,6.084091294380227,14.340952730889947,6.108406474109632,15.861959110176437,1.50246176142567,0,16.323984237754434,0.1452074511806392,4.979905105090454,11.42167594858021,8.308224877339304,6.943188283612593,12.970584239258974,17.8088574538026,12.909886411730138,14.103188858414631,8.35878322818975,8.406911587440941,14.308635479770672,15.756715849889947,15.435159178142978,13.29257961453184,8.84699512897422,6.681531834905636,17.29585950376875],[2.895554516619306,2.578195575394847,17.715194911087558,1.305245236042894,17.25378826097438,23.72657005429745,14.055055329683958,21.91959909199503,2.3779386575507515,21.600682243950832,2.53510140702482,15.737081569748938,16.323984237754434,0,16.230926577204436,20.78703926834851,20.41297096816779,11.065184874640877,9.86724974031812,4.9403405774271345,7.310673976525434,4.136090280846975,4.027555195175164,10.057613249676683,8.834588196511676,2.2770208538776795,2.471998632751599,4.098873236485092,3.976636355936299,11.59739897599235,10.14578431700156,2.895554516619306],[17.222087889763163,15.829147243714441,15.034470634325038,14.92586237299548,1.0585427499195266,8.650377773483555,13.445001347415328,6.218066409887133,14.238704139885542,6.24898822000864,15.752764513241207,1.3624406697747702,0.1452074511806392,16.230926577204436,0,5.116623867103327,11.53795362196897,8.16609477881897,6.8224627966942535,12.90820921648335,17.76982837918829,12.800188558642118,14.03709637907961,8.22202067955577,8.282363919399922,14.208102404318671,15.647995001571454,15.317126012705064,13.181550700933055,8.702783331740097,6.559622648741373,17.222087889763163],[21.383792619912885,20.018827360364277,15.031246234927183,19.49596183106009,4.451883096463414,3.60016699138161,14.673538140436959,1.1406549092789229,18.969573766236195,1.2382833378296623,20.586276196984443,6.275193772149054,4.979905105090454,20.78703926834851,5.116623867103327,0,9.657452112533111,13.25583844141922,11.84322671380681,16.896365862735887,21.110925391067113,17.65502003818872,18.08144116627478,13.338568356563053,13.33217188541515,18.91077695180084,20.47463619567353,20.277679563726302,18.053626244667562,13.741050451548452,11.592517697128836,21.383792619912885],[19.6578426505573,18.582090687396438,6.530665395829188,19.36204813939194,11.809051969404173,8.933497889277604,8.229739254156495,9.89426585803548,19.530691984763134,9.014179358929598,21.37546275216058,12.823506496571154,11.42167594858021,20.41297096816779,11.53795362196897,9.657452112533111,0,18.018662802480616,15.224034327726152,15.51490329656538,17.335381435659208,18.967253604533518,16.589370169888415,17.48600191165139,16.553314127607717,19.36731566288629,21.24523881231709,21.790810519376517,19.38481448380696,18.838786238842395,15.111128466982322,19.6578426505573],[13.197681898165346,11.945671744466388,19.127041390814167,9.91289023625767,8.832513500233794,16.814909880616693,16.210907848438353,14.324881991985723,8.692663383810775,14.411942825409797,9.533620696015698,6.993349054706171,8.308224877339304,11.065184874640877,8.16609477881897,13.25583844141922,18.018662802480616,0,3.169549942777234,10.306720652435162,15.792420538609996,6.934578154174576,10.967378383413774,1.1281942531813889,2.7560553553530434,8.78969586513466,9.471953596922594,8.51579038384014,7.147044980847634,0.928543758176395,3.1494262051479778,13.197681898165346],[11.453609322114325,10.096154136033949,15.976320366104266,8.585933943021406,7.743616448345443,15.226696793031318,13.042705527400154,12.973107604691645,7.668185500559251,12.877939893334695,9.027751615531841,6.042602780387169,6.943188283612593,9.86724974031812,6.8224627966942535,11.84322671380681,15.224034327726152,3.169549942777234,0,7.861917228798038,13.34339492739516,6.087261566005799,8.730296502728905,2.3300856905272056,1.5086236649731195,7.6810362946255495,8.931193906346364,8.499997218376773,6.442199540860877,4.097124226835334,0.28072133570053787,11.453609322114325],[4.519204766688364,3.2162101871310704,12.910718555553604,4.061714670707354,13.966635615812264,19.51587956486732,9.259006525222127,17.99385020598629,4.759487254311464,17.55701344303152,6.453935031705599,12.766186789215883,12.970584239258974,4.9403405774271345,12.90820921648335,16.896365862735887,15.51490329656538,10.306720652435162,7.861917228798038,0,5.505053787338598,5.281144550323551,1.1945619091652195,9.178733027310725,7.565612961244914,4.533808162557545,6.328539294681744,7.457561797208743,5.546914725627568,11.116389702079571,8.08799155948905,4.519204766688364],[4.587305623367757,4.836910905559733,12.70569592817537,7.440656979434313,18.8163350291159,23.214817786483234,9.392453577394502,22.13251687287162,8.759159313041943,21.56037555590283,9.776414867246675,17.840512470680977,17.8088574538026,7.310673976525434,17.76982837918829,21.110925391067113,17.335381435659208,15.792420538609996,13.34339492739516,5.505053787338598,0,10.010256329193707,4.883995700800122,14.664426166004388,13.06254266052966,8.531230358037961,9.689879865503045,11.244810737348827,10.126123607123802,16.5820418016399,13.560237944866154,4.587305623367757],[6.511753100124616,5.4481811088286385,17.621222586545347,3.056459750131749,13.769810469716985,20.852062107379737,14.069437208953444,18.795486142929548,1.7591682498114827,18.592189602717944,2.953299533437742,12.118407510985902,12.909886411730138,4.136090280846975,12.800188558642118,17.65502003818872,18.967253604533518,6.934578154174576,6.087261566005799,5.281144550323551,10.010256329193707,0,5.271961917493984,5.949184625560685,4.8580928866024475,1.872675283897916,2.851027679650232,2.8378058848661185,0.4240329509127388,7.463553791023831,6.366886879310772,6.511753100124616],[3.324650590923508,2.038464543005153,13.689549411835445,3.3780312257163447,15.094668151362814,20.71042211940349,10.028961842869748,19.181309729198567,4.365131471666411,18.74886158419686,5.874229501159325,13.849867288931812,14.103188858414631,4.027555195175164,14.03709637907961,18.08144116627478,16.589370169888415,10.967378383413774,8.730296502728905,1.1945619091652195,4.883995700800122,5.271961917493984,0,9.842775468667979,8.272467754896226,4.127959175709122,5.756964534216795,7.06419974034822,5.458474236353486,11.732037816221926,8.971385799099753,3.324650590923508],[12.117740398714604,10.850804686098522,18.280769175702805,8.877214738095025,8.990544413912742,16.846721902178455,15.277817885499399,14.436387495201817,7.697778516582056,14.454812711056913,8.655087277017179,7.163948215383256,8.35878322818975,10.057613249676683,8.22202067955577,13.338568356563053,17.48600191165139,1.1281942531813889,2.3300856905272056,9.178733027310725,14.664426166004388,5.949184625560685,9.842775468667979,0,1.6388018385551368,7.780943440902064,8.5846732616616,7.750374151067329,6.193135174421556,1.9798520522451517,2.3915329942605537,12.117740398714604],[10.697630929566833,9.39160420457397,16.916313325200594,7.595918777811581,9.173998012007857,16.73092839039139,13.809949548292428,14.458835101829843,6.537237604273698,14.377397573800788,7.742299144835602,7.42707763691834,8.406911587440941,8.834588196511676,8.282363919399922,13.33217188541515,16.553314127607717,2.7560553553530434,1.5086236649731195,7.565612961244914,13.06254266052966,4.8580928866024475,8.272467754896226,1.6388018385551368,0,6.5838870190450995,7.6546117179867235,7.092269976717337,5.174049194650479,3.616632611428548,1.7428992410237045,10.697630929566833],[4.70839082964583,3.776143973373194,17.37629022780063,1.2165772574568599,15.210965788465055,21.978516457115198,13.744493920126391,20.049662842662887,0.23767231998336447,19.7840322910397,2.0196119224358524,13.633626388758675,14.308635479770672,2.2770208538776795,14.208102404318671,18.91077695180084,19.36731566288629,8.78969586513466,7.6810362946255495,4.533808162557545,8.531230358037961,1.872675283897916,4.127959175709122,7.780943440902064,6.5838870190450995,0,1.8889756198642496,2.9455561945607323,1.775064473983715,9.334484802188022,7.961369882999168,4.70839082964583],[5.366136212297465,4.861677376492717,19.221378836097458,2.393966353889581,16.620336710184457,23.62722274940436,15.5787971892308,21.615282999671944,1.7147182332273891,21.391512823577774,0.13066334423072556,14.967379369325752,15.756715849889947,2.471998632751599,15.647995001571454,20.47463619567353,21.24523881231709,9.471953596922594,8.931193906346364,6.328539294681744,9.689879865503045,2.851027679650232,5.756964534216795,8.5846732616616,7.6546117179867235,1.8889756198642496,0,1.6311845045687072,2.4901016291976212,9.863677422686235,9.2100329444718,5.366136212297465],[6.988537527011298,6.407996148309507,20.20465300858249,3.8308500501656693,16.242902830231884,23.55040607541139,16.597948016166594,21.41521482347843,2.7116448019962096,21.256520107507267,1.5864483286731033,14.516693680578134,15.435159178142978,4.098873236485092,15.317126012705064,20.277679563726302,21.790810519376517,8.51579038384014,8.499997218376773,7.457561797208743,11.244810737348827,2.8378058848661185,7.06419974034822,7.750374151067329,7.092269976717337,2.9455561945607323,1.6311845045687072,0,2.414972772788108,8.7866289940289,8.768695682653647,6.988537527011298],[6.477591612909047,5.480857991142947,17.98873025688416,2.9897856390112505,14.14503554809291,21.26149194913821,14.424963746971523,19.193894198658423,1.6165144938519356,18.996771342941305,2.585552540977722,12.480922393508802,13.29257961453184,3.976636355936299,13.181550700933055,18.053626244667562,19.38481448380696,7.147044980847634,6.442199540860877,5.546914725627568,10.126123607123802,0.4240329509127388,5.458474236353486,6.193135174421556,5.174049194650479,1.775064473983715,2.4901016291976212,2.414972772788108,0,7.635779799702554,6.720738493941153,6.477591612909047],[13.839901091796065,12.620676123907183,20.04542673940549,10.490303202260339,9.292917765630726,17.323391837781564,17.13915794623169,14.785687400733575,9.219542055107006,14.920084317234508,9.91508809547877,7.4667564910965325,8.84699512897422,11.59739897599235,8.702783331740097,13.741050451548452,18.838786238842395,0.928543758176395,4.097124226835334,11.116389702079571,16.5820418016399,7.463553791023831,11.732037816221926,1.9798520522451517,3.616632611428548,9.334484802188022,9.863677422686235,8.7866289940289,7.635779799702554,0,4.070885974696349,13.839901091796065],[11.717231864372659,10.356897613968323,15.977845090232496,8.863450653196017,7.4742128599479765,14.988528126726784,13.087181913599657,12.720751531804892,7.948837695390671,12.634578506087493,9.306263630036641,5.766496562240052,6.681531834905636,10.14578431700156,6.559622648741373,11.592517697128836,15.111128466982322,3.1494262051479778,0.28072133570053787,8.08799155948905,13.560237944866154,6.366886879310772,8.971385799099753,2.3915329942605537,1.7428992410237045,7.961369882999168,9.2100329444718,8.768695682653647,6.720738493941153,4.070885974696349,0,11.717231864372659],[0,1.3943952788791512,16.135889621099963,3.492273434827117,18.27505910753507,24.035065787349954,12.535601088887594,22.48887767800496,4.893444545723096,22.066708606488415,5.430655698712588,16.939974548579066,17.29585950376875,2.895554516619306,17.222087889763163,21.383792619912885,19.6578426505573,13.197681898165346,11.453609322114325,4.519204766688364,4.587305623367757,6.511753100124616,3.324650590923508,12.117740398714604,10.697630929566833,4.70839082964583,5.366136212297465,6.988537527011298,6.477591612909047,13.839901091796065,11.717231864372659,0]]}